numbers
1.022412124542225964e+00
4.798790440608676211e-01
1.247448179651872824e+00
1.399326758653235858e+00
1.093690931184565063e+00
1.832193593058099701e+00
1.311828022113230574e+00
2.365933399989580410e-01
3.951729904229051016e-02
6.973316590408608073e-01
1.366082171114445520e+00
1.016392843200870200e+00
9.383133671738934645e-01
4.827355897685616792e-01
-2.825618728153864723e-01
1.071209969806254048e+00
6.304886838080336897e-01
-5.672330905935507595e-01
2.330760607794110317e+00
6.057952180708714440e-01
4.989269802742057336e-01
2.324623032231752928e-01
8.061535030200293050e-01
-1.423162333741036178e+00
6.285653460338050946e-01
9.328051272832245111e-01
9.519553973975745098e-01
2.889397361501658601e+00
7.159534132867436673e-01
6.747663635268879023e-01
8.570287399049895116e-01
1.476807086407322167e+00
2.595910349693756114e+00
9.542231263838285571e-01
1.896693460538839471e+00
1.550353047413262297e+00
2.504066000903604761e-01
1.080690591509420484e+00
7.760218933374936068e-01
-5.869023349724997729e-01
2.200002556294056610e+00
2.241048663854407597e+00
1.134171111339794091e+00
9.082831964745272657e-01
5.486647536503808098e-01
1.038375966001833683e+00
6.637757536241404299e-01
6.932723308514184835e-01
-7.230767972185554449e-01
1.293054530639224708e+00
1.022138280025823409e+00
1.464997313500160381e+00
9.394011456853370579e-01
1.779146798251594053e-01
8.792328957206128059e-01
-4.500042793502379013e-02
1.548213436523317554e+00
1.716387574881257816e+00
1.276464629950486707e-01
-4.931346548132875540e-03
1.752383273582214906e+00
1.103791480694721994e+00
5.497253297949421524e-01
2.109659119631059898e-01
5.537808623260787044e-01
1.271254879754326605e+00
7.466289722767618375e-01
5.404940361040396768e-01
-2.123683896271935101e-01
1.485031702815605703e-01
7.026576801221653401e-01
7.310209319854479304e-01
4.368878750174037817e-01
9.764978146133032055e-01
1.214625840368858789e+00
9.867687291364717339e-01
-1.389745959994485025e-01
3.602209638756100896e-01
-3.855214159125650575e-01
2.648251493909140608e-01
2.579847662133650132e+00
1.422537771776340554e+00
-2.034943877894456188e-01
9.944748237231657573e-01
8.603828896995674436e-01
-4.757142371020544047e-01
2.591411944447242099e+00
1.564012521841685599e+00
1.678996367633371234e+00
7.166135550652337205e-01
2.231624565343286459e-01
2.131548194788339678e+00
1.648340879408721982e+00
3.792215216053131388e-01
1.630987685912103302e+00
1.267988663999845222e+00
2.813616175653913531e-01
2.171586008647162780e-01
8.921869203956402927e-01
6.219135392283736685e-01
9.474108069157471945e-01
8.049735168135652152e-02
3.371570599399066337e-01
9.629595376576682852e-02
1.708753722457633240e+00
2.387355829840938082e-01
1.146806682715352910e+00
8.207496716375580759e-01
7.773516750288448351e-01
1.103764415660204001e+00
7.452084313633293711e-01
2.852115400501545328e-01
5.353665959674928088e-01
4.130347769087497900e-01
1.370634613584348127e+00
1.687589230562607234e-01
1.450056116709215859e+00
1.702193814534673111e+00
1.459049693761702349e+00
-2.021646762546240872e-01
