numbers
1.857364416213589164e+00
1.657819602926510205e+00
8.265184060288897072e-01
2.511381705914924378e+00
1.295106960547184105e+00
-4.250245472188943774e-01
-8.992230654435007242e-02
-5.292919837102905145e-01
-7.611228893320778344e-01
7.493260291308309062e-01
2.351495022094692189e+00
3.620686153063955581e-01
1.552486518034478236e+00
5.335198051190115365e-01
1.061372590751695100e+00
-3.643513507683238117e-02
7.116530910762646212e-01
2.057782846036047442e+00
7.614545682859124032e-01
8.683203475929169857e-01
1.312941814557760933e+00
-9.381663561499213877e-01
8.589126299298666112e-01
1.112671927421244433e+00
-1.996885622794408732e-02
1.270578839548348604e+00
1.390423698930745466e+00
8.174617621415025681e-01
9.772343584192552113e-01
2.017129130771333934e+00
7.337339221063688965e-01
7.061954148891292915e-01
3.844978036844476366e-01
9.831468211909663024e-01
-4.441983597249534732e-01
1.195645319989133704e+00
-8.186786662059915010e-01
1.533908858034464195e+00
1.040494957765087047e+00
1.677483276861550410e+00
2.526041287803959534e+00
5.380049625230228783e-01
-1.621195844027698563e-01
6.220298900648645324e-01
8.523773314309552873e-01
2.533260651785257167e+00
1.728987798529776798e+00
-8.864332928739975248e-01
-8.957707079279808582e-01
6.122640972141868421e-02
5.265129804822406001e-01
-2.064518729041347367e+00
1.203497481721823137e+00
-1.421098927048773941e-01
-1.522454054170451210e-01
4.396859162843591573e-02
2.259358105152227125e+00
-1.593409041604626708e+00
1.915048071490862425e+00
9.472839556442590458e-01
1.016151366144859125e+00
-6.117087810853476526e-01
-1.485561366791132709e-01
2.131790091054145186e+00
8.259392811203649654e-01
1.723530627644944246e+00
2.260009662287235654e-01
5.399874663527820529e-01
1.144949864778233684e+00
3.882490768893377964e-01
5.552080190462379550e-01
7.665843248222017348e-01
-2.393777578560817298e-01
2.253015606835623519e+00
-2.395411768142071907e+00
2.722970151772707847e+00
6.222448040221656429e-01
1.700814535904037417e+00
-3.999383951931254622e-01
1.275290086688213087e+00
3.373955607251662991e-01
1.654063433600630351e+00
1.079611205182315903e+00
1.723801582857267700e+00
-1.952855933110233533e-01
1.647735821287229063e+00
-3.537792752378394745e-01
8.969162507482246749e-01
9.684903166550726805e-01
-5.297709083812363051e-02
